# GEOMETRiA:   CARTESIANA
# GRILLA 2D: [-1;1], [-1,1]
# RESOLUCION: 256x256
# Columna 1: Celda
# Columna 2: Límite izquierdo o inferior de cada celda
# Columna 3: Límite derecho o superior de cada celda
# Para archivos/cubos de doble precisión: nube_k01_s1.9.dbl, nube_k01_s5.9.dbl

256
1   -1.000000e+00  -9.921875e-01 
2   -9.921875e-01  -9.843750e-01 
3   -9.843750e-01  -9.765625e-01 
4   -9.765625e-01  -9.687500e-01 
5   -9.687500e-01  -9.609375e-01 
6   -9.609375e-01  -9.531250e-01 
7   -9.531250e-01  -9.453125e-01 
8   -9.453125e-01  -9.375000e-01 
9   -9.375000e-01  -9.296875e-01 
10   -9.296875e-01  -9.218750e-01 
11   -9.218750e-01  -9.140625e-01 
12   -9.140625e-01  -9.062500e-01 
13   -9.062500e-01  -8.984375e-01 
14   -8.984375e-01  -8.906250e-01 
15   -8.906250e-01  -8.828125e-01 
16   -8.828125e-01  -8.750000e-01 
17   -8.750000e-01  -8.671875e-01 
18   -8.671875e-01  -8.593750e-01 
19   -8.593750e-01  -8.515625e-01 
20   -8.515625e-01  -8.437500e-01 
21   -8.437500e-01  -8.359375e-01 
22   -8.359375e-01  -8.281250e-01 
23   -8.281250e-01  -8.203125e-01 
24   -8.203125e-01  -8.125000e-01 
25   -8.125000e-01  -8.046875e-01 
26   -8.046875e-01  -7.968750e-01 
27   -7.968750e-01  -7.890625e-01 
28   -7.890625e-01  -7.812500e-01 
29   -7.812500e-01  -7.734375e-01 
30   -7.734375e-01  -7.656250e-01 
31   -7.656250e-01  -7.578125e-01 
32   -7.578125e-01  -7.500000e-01 
33   -7.500000e-01  -7.421875e-01 
34   -7.421875e-01  -7.343750e-01 
35   -7.343750e-01  -7.265625e-01 
36   -7.265625e-01  -7.187500e-01 
37   -7.187500e-01  -7.109375e-01 
38   -7.109375e-01  -7.031250e-01 
39   -7.031250e-01  -6.953125e-01 
40   -6.953125e-01  -6.875000e-01 
41   -6.875000e-01  -6.796875e-01 
42   -6.796875e-01  -6.718750e-01 
43   -6.718750e-01  -6.640625e-01 
44   -6.640625e-01  -6.562500e-01 
45   -6.562500e-01  -6.484375e-01 
46   -6.484375e-01  -6.406250e-01 
47   -6.406250e-01  -6.328125e-01 
48   -6.328125e-01  -6.250000e-01 
49   -6.250000e-01  -6.171875e-01 
50   -6.171875e-01  -6.093750e-01 
51   -6.093750e-01  -6.015625e-01 
52   -6.015625e-01  -5.937500e-01 
53   -5.937500e-01  -5.859375e-01 
54   -5.859375e-01  -5.781250e-01 
55   -5.781250e-01  -5.703125e-01 
56   -5.703125e-01  -5.625000e-01 
57   -5.625000e-01  -5.546875e-01 
58   -5.546875e-01  -5.468750e-01 
59   -5.468750e-01  -5.390625e-01 
60   -5.390625e-01  -5.312500e-01 
61   -5.312500e-01  -5.234375e-01 
62   -5.234375e-01  -5.156250e-01 
63   -5.156250e-01  -5.078125e-01 
64   -5.078125e-01  -5.000000e-01 
65   -5.000000e-01  -4.921875e-01 
66   -4.921875e-01  -4.843750e-01 
67   -4.843750e-01  -4.765625e-01 
68   -4.765625e-01  -4.687500e-01 
69   -4.687500e-01  -4.609375e-01 
70   -4.609375e-01  -4.531250e-01 
71   -4.531250e-01  -4.453125e-01 
72   -4.453125e-01  -4.375000e-01 
73   -4.375000e-01  -4.296875e-01 
74   -4.296875e-01  -4.218750e-01 
75   -4.218750e-01  -4.140625e-01 
76   -4.140625e-01  -4.062500e-01 
77   -4.062500e-01  -3.984375e-01 
78   -3.984375e-01  -3.906250e-01 
79   -3.906250e-01  -3.828125e-01 
80   -3.828125e-01  -3.750000e-01 
81   -3.750000e-01  -3.671875e-01 
82   -3.671875e-01  -3.593750e-01 
83   -3.593750e-01  -3.515625e-01 
84   -3.515625e-01  -3.437500e-01 
85   -3.437500e-01  -3.359375e-01 
86   -3.359375e-01  -3.281250e-01 
87   -3.281250e-01  -3.203125e-01 
88   -3.203125e-01  -3.125000e-01 
89   -3.125000e-01  -3.046875e-01 
90   -3.046875e-01  -2.968750e-01 
91   -2.968750e-01  -2.890625e-01 
92   -2.890625e-01  -2.812500e-01 
93   -2.812500e-01  -2.734375e-01 
94   -2.734375e-01  -2.656250e-01 
95   -2.656250e-01  -2.578125e-01 
96   -2.578125e-01  -2.500000e-01 
97   -2.500000e-01  -2.421875e-01 
98   -2.421875e-01  -2.343750e-01 
99   -2.343750e-01  -2.265625e-01 
100   -2.265625e-01  -2.187500e-01 
101   -2.187500e-01  -2.109375e-01 
102   -2.109375e-01  -2.031250e-01 
103   -2.031250e-01  -1.953125e-01 
104   -1.953125e-01  -1.875000e-01 
105   -1.875000e-01  -1.796875e-01 
106   -1.796875e-01  -1.718750e-01 
107   -1.718750e-01  -1.640625e-01 
108   -1.640625e-01  -1.562500e-01 
109   -1.562500e-01  -1.484375e-01 
110   -1.484375e-01  -1.406250e-01 
111   -1.406250e-01  -1.328125e-01 
112   -1.328125e-01  -1.250000e-01 
113   -1.250000e-01  -1.171875e-01 
114   -1.171875e-01  -1.093750e-01 
115   -1.093750e-01  -1.015625e-01 
116   -1.015625e-01  -9.375000e-02 
117   -9.375000e-02  -8.593750e-02 
118   -8.593750e-02  -7.812500e-02 
119   -7.812500e-02  -7.031250e-02 
120   -7.031250e-02  -6.250000e-02 
121   -6.250000e-02  -5.468750e-02 
122   -5.468750e-02  -4.687500e-02 
123   -4.687500e-02  -3.906250e-02 
124   -3.906250e-02  -3.125000e-02 
125   -3.125000e-02  -2.343750e-02 
126   -2.343750e-02  -1.562500e-02 
127   -1.562500e-02  -7.812500e-03 
128   -7.812500e-03  0.000000e+00 
129   0.000000e+00  7.812500e-03 
130   7.812500e-03  1.562500e-02 
131   1.562500e-02  2.343750e-02 
132   2.343750e-02  3.125000e-02 
133   3.125000e-02  3.906250e-02 
134   3.906250e-02  4.687500e-02 
135   4.687500e-02  5.468750e-02 
136   5.468750e-02  6.250000e-02 
137   6.250000e-02  7.031250e-02 
138   7.031250e-02  7.812500e-02 
139   7.812500e-02  8.593750e-02 
140   8.593750e-02  9.375000e-02 
141   9.375000e-02  1.015625e-01 
142   1.015625e-01  1.093750e-01 
143   1.093750e-01  1.171875e-01 
144   1.171875e-01  1.250000e-01 
145   1.250000e-01  1.328125e-01 
146   1.328125e-01  1.406250e-01 
147   1.406250e-01  1.484375e-01 
148   1.484375e-01  1.562500e-01 
149   1.562500e-01  1.640625e-01 
150   1.640625e-01  1.718750e-01 
151   1.718750e-01  1.796875e-01 
152   1.796875e-01  1.875000e-01 
153   1.875000e-01  1.953125e-01 
154   1.953125e-01  2.031250e-01 
155   2.031250e-01  2.109375e-01 
156   2.109375e-01  2.187500e-01 
157   2.187500e-01  2.265625e-01 
158   2.265625e-01  2.343750e-01 
159   2.343750e-01  2.421875e-01 
160   2.421875e-01  2.500000e-01 
161   2.500000e-01  2.578125e-01 
162   2.578125e-01  2.656250e-01 
163   2.656250e-01  2.734375e-01 
164   2.734375e-01  2.812500e-01 
165   2.812500e-01  2.890625e-01 
166   2.890625e-01  2.968750e-01 
167   2.968750e-01  3.046875e-01 
168   3.046875e-01  3.125000e-01 
169   3.125000e-01  3.203125e-01 
170   3.203125e-01  3.281250e-01 
171   3.281250e-01  3.359375e-01 
172   3.359375e-01  3.437500e-01 
173   3.437500e-01  3.515625e-01 
174   3.515625e-01  3.593750e-01 
175   3.593750e-01  3.671875e-01 
176   3.671875e-01  3.750000e-01 
177   3.750000e-01  3.828125e-01 
178   3.828125e-01  3.906250e-01 
179   3.906250e-01  3.984375e-01 
180   3.984375e-01  4.062500e-01 
181   4.062500e-01  4.140625e-01 
182   4.140625e-01  4.218750e-01 
183   4.218750e-01  4.296875e-01 
184   4.296875e-01  4.375000e-01 
185   4.375000e-01  4.453125e-01 
186   4.453125e-01  4.531250e-01 
187   4.531250e-01  4.609375e-01 
188   4.609375e-01  4.687500e-01 
189   4.687500e-01  4.765625e-01 
190   4.765625e-01  4.843750e-01 
191   4.843750e-01  4.921875e-01 
192   4.921875e-01  5.000000e-01 
193   5.000000e-01  5.078125e-01 
194   5.078125e-01  5.156250e-01 
195   5.156250e-01  5.234375e-01 
196   5.234375e-01  5.312500e-01 
197   5.312500e-01  5.390625e-01 
198   5.390625e-01  5.468750e-01 
199   5.468750e-01  5.546875e-01 
200   5.546875e-01  5.625000e-01 
201   5.625000e-01  5.703125e-01 
202   5.703125e-01  5.781250e-01 
203   5.781250e-01  5.859375e-01 
204   5.859375e-01  5.937500e-01 
205   5.937500e-01  6.015625e-01 
206   6.015625e-01  6.093750e-01 
207   6.093750e-01  6.171875e-01 
208   6.171875e-01  6.250000e-01 
209   6.250000e-01  6.328125e-01 
210   6.328125e-01  6.406250e-01 
211   6.406250e-01  6.484375e-01 
212   6.484375e-01  6.562500e-01 
213   6.562500e-01  6.640625e-01 
214   6.640625e-01  6.718750e-01 
215   6.718750e-01  6.796875e-01 
216   6.796875e-01  6.875000e-01 
217   6.875000e-01  6.953125e-01 
218   6.953125e-01  7.031250e-01 
219   7.031250e-01  7.109375e-01 
220   7.109375e-01  7.187500e-01 
221   7.187500e-01  7.265625e-01 
222   7.265625e-01  7.343750e-01 
223   7.343750e-01  7.421875e-01 
224   7.421875e-01  7.500000e-01 
225   7.500000e-01  7.578125e-01 
226   7.578125e-01  7.656250e-01 
227   7.656250e-01  7.734375e-01 
228   7.734375e-01  7.812500e-01 
229   7.812500e-01  7.890625e-01 
230   7.890625e-01  7.968750e-01 
231   7.968750e-01  8.046875e-01 
232   8.046875e-01  8.125000e-01 
233   8.125000e-01  8.203125e-01 
234   8.203125e-01  8.281250e-01 
235   8.281250e-01  8.359375e-01 
236   8.359375e-01  8.437500e-01 
237   8.437500e-01  8.515625e-01 
238   8.515625e-01  8.593750e-01 
239   8.593750e-01  8.671875e-01 
240   8.671875e-01  8.750000e-01 
241   8.750000e-01  8.828125e-01 
242   8.828125e-01  8.906250e-01 
243   8.906250e-01  8.984375e-01 
244   8.984375e-01  9.062500e-01 
245   9.062500e-01  9.140625e-01 
246   9.140625e-01  9.218750e-01 
247   9.218750e-01  9.296875e-01 
248   9.296875e-01  9.375000e-01 
249   9.375000e-01  9.453125e-01 
250   9.453125e-01  9.531250e-01 
251   9.531250e-01  9.609375e-01 
252   9.609375e-01  9.687500e-01 
253   9.687500e-01  9.765625e-01 
254   9.765625e-01  9.843750e-01 
255   9.843750e-01  9.921875e-01 
256   9.921875e-01  1.000000e+00 
256
1   -1.000000e+00  -9.921875e-01 
2   -9.921875e-01  -9.843750e-01 
3   -9.843750e-01  -9.765625e-01 
4   -9.765625e-01  -9.687500e-01 
5   -9.687500e-01  -9.609375e-01 
6   -9.609375e-01  -9.531250e-01 
7   -9.531250e-01  -9.453125e-01 
8   -9.453125e-01  -9.375000e-01 
9   -9.375000e-01  -9.296875e-01 
10   -9.296875e-01  -9.218750e-01 
11   -9.218750e-01  -9.140625e-01 
12   -9.140625e-01  -9.062500e-01 
13   -9.062500e-01  -8.984375e-01 
14   -8.984375e-01  -8.906250e-01 
15   -8.906250e-01  -8.828125e-01 
16   -8.828125e-01  -8.750000e-01 
17   -8.750000e-01  -8.671875e-01 
18   -8.671875e-01  -8.593750e-01 
19   -8.593750e-01  -8.515625e-01 
20   -8.515625e-01  -8.437500e-01 
21   -8.437500e-01  -8.359375e-01 
22   -8.359375e-01  -8.281250e-01 
23   -8.281250e-01  -8.203125e-01 
24   -8.203125e-01  -8.125000e-01 
25   -8.125000e-01  -8.046875e-01 
26   -8.046875e-01  -7.968750e-01 
27   -7.968750e-01  -7.890625e-01 
28   -7.890625e-01  -7.812500e-01 
29   -7.812500e-01  -7.734375e-01 
30   -7.734375e-01  -7.656250e-01 
31   -7.656250e-01  -7.578125e-01 
32   -7.578125e-01  -7.500000e-01 
33   -7.500000e-01  -7.421875e-01 
34   -7.421875e-01  -7.343750e-01 
35   -7.343750e-01  -7.265625e-01 
36   -7.265625e-01  -7.187500e-01 
37   -7.187500e-01  -7.109375e-01 
38   -7.109375e-01  -7.031250e-01 
39   -7.031250e-01  -6.953125e-01 
40   -6.953125e-01  -6.875000e-01 
41   -6.875000e-01  -6.796875e-01 
42   -6.796875e-01  -6.718750e-01 
43   -6.718750e-01  -6.640625e-01 
44   -6.640625e-01  -6.562500e-01 
45   -6.562500e-01  -6.484375e-01 
46   -6.484375e-01  -6.406250e-01 
47   -6.406250e-01  -6.328125e-01 
48   -6.328125e-01  -6.250000e-01 
49   -6.250000e-01  -6.171875e-01 
50   -6.171875e-01  -6.093750e-01 
51   -6.093750e-01  -6.015625e-01 
52   -6.015625e-01  -5.937500e-01 
53   -5.937500e-01  -5.859375e-01 
54   -5.859375e-01  -5.781250e-01 
55   -5.781250e-01  -5.703125e-01 
56   -5.703125e-01  -5.625000e-01 
57   -5.625000e-01  -5.546875e-01 
58   -5.546875e-01  -5.468750e-01 
59   -5.468750e-01  -5.390625e-01 
60   -5.390625e-01  -5.312500e-01 
61   -5.312500e-01  -5.234375e-01 
62   -5.234375e-01  -5.156250e-01 
63   -5.156250e-01  -5.078125e-01 
64   -5.078125e-01  -5.000000e-01 
65   -5.000000e-01  -4.921875e-01 
66   -4.921875e-01  -4.843750e-01 
67   -4.843750e-01  -4.765625e-01 
68   -4.765625e-01  -4.687500e-01 
69   -4.687500e-01  -4.609375e-01 
70   -4.609375e-01  -4.531250e-01 
71   -4.531250e-01  -4.453125e-01 
72   -4.453125e-01  -4.375000e-01 
73   -4.375000e-01  -4.296875e-01 
74   -4.296875e-01  -4.218750e-01 
75   -4.218750e-01  -4.140625e-01 
76   -4.140625e-01  -4.062500e-01 
77   -4.062500e-01  -3.984375e-01 
78   -3.984375e-01  -3.906250e-01 
79   -3.906250e-01  -3.828125e-01 
80   -3.828125e-01  -3.750000e-01 
81   -3.750000e-01  -3.671875e-01 
82   -3.671875e-01  -3.593750e-01 
83   -3.593750e-01  -3.515625e-01 
84   -3.515625e-01  -3.437500e-01 
85   -3.437500e-01  -3.359375e-01 
86   -3.359375e-01  -3.281250e-01 
87   -3.281250e-01  -3.203125e-01 
88   -3.203125e-01  -3.125000e-01 
89   -3.125000e-01  -3.046875e-01 
90   -3.046875e-01  -2.968750e-01 
91   -2.968750e-01  -2.890625e-01 
92   -2.890625e-01  -2.812500e-01 
93   -2.812500e-01  -2.734375e-01 
94   -2.734375e-01  -2.656250e-01 
95   -2.656250e-01  -2.578125e-01 
96   -2.578125e-01  -2.500000e-01 
97   -2.500000e-01  -2.421875e-01 
98   -2.421875e-01  -2.343750e-01 
99   -2.343750e-01  -2.265625e-01 
100   -2.265625e-01  -2.187500e-01 
101   -2.187500e-01  -2.109375e-01 
102   -2.109375e-01  -2.031250e-01 
103   -2.031250e-01  -1.953125e-01 
104   -1.953125e-01  -1.875000e-01 
105   -1.875000e-01  -1.796875e-01 
106   -1.796875e-01  -1.718750e-01 
107   -1.718750e-01  -1.640625e-01 
108   -1.640625e-01  -1.562500e-01 
109   -1.562500e-01  -1.484375e-01 
110   -1.484375e-01  -1.406250e-01 
111   -1.406250e-01  -1.328125e-01 
112   -1.328125e-01  -1.250000e-01 
113   -1.250000e-01  -1.171875e-01 
114   -1.171875e-01  -1.093750e-01 
115   -1.093750e-01  -1.015625e-01 
116   -1.015625e-01  -9.375000e-02 
117   -9.375000e-02  -8.593750e-02 
118   -8.593750e-02  -7.812500e-02 
119   -7.812500e-02  -7.031250e-02 
120   -7.031250e-02  -6.250000e-02 
121   -6.250000e-02  -5.468750e-02 
122   -5.468750e-02  -4.687500e-02 
123   -4.687500e-02  -3.906250e-02 
124   -3.906250e-02  -3.125000e-02 
125   -3.125000e-02  -2.343750e-02 
126   -2.343750e-02  -1.562500e-02 
127   -1.562500e-02  -7.812500e-03 
128   -7.812500e-03  0.000000e+00 
129   0.000000e+00  7.812500e-03 
130   7.812500e-03  1.562500e-02 
131   1.562500e-02  2.343750e-02 
132   2.343750e-02  3.125000e-02 
133   3.125000e-02  3.906250e-02 
134   3.906250e-02  4.687500e-02 
135   4.687500e-02  5.468750e-02 
136   5.468750e-02  6.250000e-02 
137   6.250000e-02  7.031250e-02 
138   7.031250e-02  7.812500e-02 
139   7.812500e-02  8.593750e-02 
140   8.593750e-02  9.375000e-02 
141   9.375000e-02  1.015625e-01 
142   1.015625e-01  1.093750e-01 
143   1.093750e-01  1.171875e-01 
144   1.171875e-01  1.250000e-01 
145   1.250000e-01  1.328125e-01 
146   1.328125e-01  1.406250e-01 
147   1.406250e-01  1.484375e-01 
148   1.484375e-01  1.562500e-01 
149   1.562500e-01  1.640625e-01 
150   1.640625e-01  1.718750e-01 
151   1.718750e-01  1.796875e-01 
152   1.796875e-01  1.875000e-01 
153   1.875000e-01  1.953125e-01 
154   1.953125e-01  2.031250e-01 
155   2.031250e-01  2.109375e-01 
156   2.109375e-01  2.187500e-01 
157   2.187500e-01  2.265625e-01 
158   2.265625e-01  2.343750e-01 
159   2.343750e-01  2.421875e-01 
160   2.421875e-01  2.500000e-01 
161   2.500000e-01  2.578125e-01 
162   2.578125e-01  2.656250e-01 
163   2.656250e-01  2.734375e-01 
164   2.734375e-01  2.812500e-01 
165   2.812500e-01  2.890625e-01 
166   2.890625e-01  2.968750e-01 
167   2.968750e-01  3.046875e-01 
168   3.046875e-01  3.125000e-01 
169   3.125000e-01  3.203125e-01 
170   3.203125e-01  3.281250e-01 
171   3.281250e-01  3.359375e-01 
172   3.359375e-01  3.437500e-01 
173   3.437500e-01  3.515625e-01 
174   3.515625e-01  3.593750e-01 
175   3.593750e-01  3.671875e-01 
176   3.671875e-01  3.750000e-01 
177   3.750000e-01  3.828125e-01 
178   3.828125e-01  3.906250e-01 
179   3.906250e-01  3.984375e-01 
180   3.984375e-01  4.062500e-01 
181   4.062500e-01  4.140625e-01 
182   4.140625e-01  4.218750e-01 
183   4.218750e-01  4.296875e-01 
184   4.296875e-01  4.375000e-01 
185   4.375000e-01  4.453125e-01 
186   4.453125e-01  4.531250e-01 
187   4.531250e-01  4.609375e-01 
188   4.609375e-01  4.687500e-01 
189   4.687500e-01  4.765625e-01 
190   4.765625e-01  4.843750e-01 
191   4.843750e-01  4.921875e-01 
192   4.921875e-01  5.000000e-01 
193   5.000000e-01  5.078125e-01 
194   5.078125e-01  5.156250e-01 
195   5.156250e-01  5.234375e-01 
196   5.234375e-01  5.312500e-01 
197   5.312500e-01  5.390625e-01 
198   5.390625e-01  5.468750e-01 
199   5.468750e-01  5.546875e-01 
200   5.546875e-01  5.625000e-01 
201   5.625000e-01  5.703125e-01 
202   5.703125e-01  5.781250e-01 
203   5.781250e-01  5.859375e-01 
204   5.859375e-01  5.937500e-01 
205   5.937500e-01  6.015625e-01 
206   6.015625e-01  6.093750e-01 
207   6.093750e-01  6.171875e-01 
208   6.171875e-01  6.250000e-01 
209   6.250000e-01  6.328125e-01 
210   6.328125e-01  6.406250e-01 
211   6.406250e-01  6.484375e-01 
212   6.484375e-01  6.562500e-01 
213   6.562500e-01  6.640625e-01 
214   6.640625e-01  6.718750e-01 
215   6.718750e-01  6.796875e-01 
216   6.796875e-01  6.875000e-01 
217   6.875000e-01  6.953125e-01 
218   6.953125e-01  7.031250e-01 
219   7.031250e-01  7.109375e-01 
220   7.109375e-01  7.187500e-01 
221   7.187500e-01  7.265625e-01 
222   7.265625e-01  7.343750e-01 
223   7.343750e-01  7.421875e-01 
224   7.421875e-01  7.500000e-01 
225   7.500000e-01  7.578125e-01 
226   7.578125e-01  7.656250e-01 
227   7.656250e-01  7.734375e-01 
228   7.734375e-01  7.812500e-01 
229   7.812500e-01  7.890625e-01 
230   7.890625e-01  7.968750e-01 
231   7.968750e-01  8.046875e-01 
232   8.046875e-01  8.125000e-01 
233   8.125000e-01  8.203125e-01 
234   8.203125e-01  8.281250e-01 
235   8.281250e-01  8.359375e-01 
236   8.359375e-01  8.437500e-01 
237   8.437500e-01  8.515625e-01 
238   8.515625e-01  8.593750e-01 
239   8.593750e-01  8.671875e-01 
240   8.671875e-01  8.750000e-01 
241   8.750000e-01  8.828125e-01 
242   8.828125e-01  8.906250e-01 
243   8.906250e-01  8.984375e-01 
244   8.984375e-01  9.062500e-01 
245   9.062500e-01  9.140625e-01 
246   9.140625e-01  9.218750e-01 
247   9.218750e-01  9.296875e-01 
248   9.296875e-01  9.375000e-01 
249   9.375000e-01  9.453125e-01 
250   9.453125e-01  9.531250e-01 
251   9.531250e-01  9.609375e-01 
252   9.609375e-01  9.687500e-01 
253   9.687500e-01  9.765625e-01 
254   9.765625e-01  9.843750e-01 
255   9.843750e-01  9.921875e-01 
256   9.921875e-01  1.000000e+00
1 
